000000000000000000000000000000000000000000000000000000000000000000000000000000000000000000000000000000000000000000000000000000000000000000000000000000
000000000000000000000000000000000000000000000000000000000000000000000000000000000000000000000000000000000000000000000000000000000000000000000000000000
000000000000000000000000000000000000000000000000000000000000000000000000000000000000000000000000000000000000000000000000000000000000000000000000000000
000000000000000000000000000000000000000000000000000000000000000000000000000000000000000000000000000000000000000000000000000000000000000000000000000000
000000000000000000000000000000000000000000000000000000000000000000000000000000000000000000000000000000000000000000000000000000000000000000000000000000
000000000000000000000000000000000000000000000000000000000000000000000000001111111000000000000000000000000000000000000000000000000000000000000000000000
000000000000000000000000000000000000000000000000000000000000000000000000110000000110000000000000000000000000000000000000000000000000000000000000000000
000000000000000000000000000000000000000000000000000000000000000011110011000000000001100000000000000000000000000000000000000000000000000000000000000000
000000000000000000000000000000000000000000000000000000000000001100001100000000000000011000000000000000000000000000000000000000000000000000000000000000
000000000000000000000000000000000000000000000000000000000000010000000000000011110000000110000000000000000000000000000000000000000000000000000000000000
000000000000000000000000000000000000000000000000000000000000010000000000011100001100000001100000000000000000000000000000000000000000000000000000000000
000000000000000000000000000000000000000000000000000000000000010000000011100000000011000000011000000000000000000000000000000000000000000000000000000000
000000000000000000000000000000000000000000000000000000000000010000000100000000000000110000000100000000000000000000000000000000000000000000000000000000
000000000000000000000000000000000000000000000000000000000000001100001000000000000000001100000010000000000000000000000000000000000000000000000000000000
000000000000000000000000000000000000000000000000000000000000000011110000000000000000000011000001000000000000000000000000000000000000000000000000000000
000000000000000000000000000000000000000000000000000000000000000000000000000000000000000000100000100000000000000000000000000000000000000000000000000000
000000000000000000000000000000000000000000000000000000000000000000000000000000000000000000010000010000000000000000000000000000000000000000000000000000
000000000000000000000000000000000000000000000000000000000000000000000000000000000000000000001000001000000000000000000000000000000000000000000000000000
000000000000000000000000000000000000000000000000000000000000000000000000000000000000000000000100001000000000000000000000000000000000000000000000000000
000000000000000000000000000000000000000000000000000000000000000000000000000000000000000000000100000100000000000000000000000000000000000000000000000000
000000000000000000000000000000000000000000000000000000000000000000000000000000000000000000000010000100000000000000000000000000000000000000000000000000
000000000000000000000000000000000000000000000000000000000000000000000000000000000000000000000010000010000000000000000000000000000000000000000000000000
000000000000000000000000000000000000000000000000000000000000000000000000000000000000000000000001000010000000000000000000000000000000000000000000000000
000000000000000000000000000000000000000000000000000000000000000000000000000000000000000000000001000001000000000000000000000000000000000000000000000000
000000000000000000000000000000000000000000000000000000000000000000000000000000000000000000000000100001000000000000000000000000000000000000000000000000
000000000000000000000000000000000000000000000000000000000000000000000000000000000000000000000000100000100000000000000000000000000000000000000000000000
000000000000000000000000000000000000000000000000000000000000000000000000000000000000000000000000010000100000000000000000000000000000000000000000000000
000000000000000000000000000000000000000000000000000000000000000000000000000000000000000000000000010000100000000000000000000000000000000000000000000000
000000000000000000000000000000000000000000000000000000000000000000000000000000000000000000000000001000100000000000000000000000000000000000000000000000
000000000000000000000000000000000000000000000000000000000000000000000000000000000000000000000000001000100000000000000000000000000000000000000000000000
000000000000000000000000000000000000000000000000000000000000000000000000000000000000000000000000001000100000000000000000000000000000000000000000000000
000000000000000000000000000000000000000000000000000000000000000000000000000000000000000000000000001000100000000000000000000000000000000000000000000000
000000000000000000000000000000000000000000000000000000000001111111111111111111111111111111111111111000111111111110000000000000000000000000000000000000
000000000000000000000000000000000000000000000000000000000001000000000000000000000000000000000000000000000000000010000000000000000000000000000000000000
000000000000000000000000000000000000000000000000000000000001001111111111000011111111110000000000111111111100000010000000000000000000000000000000000000
000000000000000000000000000000000000000000000000000000000001001000000001000010000000010000000000100000000100000010000000000000000000000000000000000000
000000000000000000000000000000000000000000000000000000000001001000000001000010000000010000000000100000000100000010000000000000000000000000000000000000
000000000000000000000000000000000000000000000000000000000001001000000001000010000000010000000000100000000100000010000000000000000000000000000000000000
000000000000000000000000000000000000000000000000000000000001001000000001000010000000010000000000100000000100000010000000000000000000000000000000000000
000000000000000000000000000000000000000000000000000000000001001000000001000010000000010000000000100000000100000010000000000000000000000000000000000000
000000000000000000000000000000000000000000000000000000000001001111111111000011111111110000000000111111111100000010000000000000000000000000000000000000
000000000000000000000000000000000000000000000000000000000001000000000000000000000000000000000000000000000000000010000000000000000000000000000000000000
000000000000000000000000000000000011111111111111111111111111000000000000000000000000000000001110000000000000000010000000000000000000000000000000000000
000000000000000000000000000000000110000000000000000000000000000000000000000000000000000000000100000000000000010010000000000000000000000000000000000000
000000000000000000000000000000011000000000000000000000000000000000000000000000000000000000000000000000000000010010000000000000000000000000000000000000
000000000000000000000000000001100000000000000000000000000000000000000000000000000000000000000000000000000000010010000000000000000000000000000000000000
000000000000000000000000000010000000111111111111111111111110000000000000000000000000000000000000000000000000000010000000000000000000000000000000000000
000000000000000000000000000100000011000000000000000000000010000000000000000000000000000000000000000000000000000010000000000000000000000000000000000000
000000000000000000000000001000001100000000000000000000000010111111111100001111111111000000000000111111111100000010000000000000000000000000000000000000
000000000000000000000000010000010000000000000000000000000010100000000100001000000001000000000000100000000100000010000000000000000000000000000000000000
000000000000000000000000010000100000000000000000000000000010100000000100001000000001000000000000100000000100000010000000000000000000000000000000000000
000000000000000000000000100001000000000000000000000000000010100000000100001000000001000000000000100000000100000010000000000000000000000000000000000000
000000000000000000000000100010000000000000000000000000000010100000000100001000000001000000000000100000000100000010000000000000000000000000000000000000
000000000000000000000001000010000000000000000000000000000010100000000100001000000001000000000000100000000100000010000000000000000000000000000000000000
000000000000000000000001000100000000000000000000000000000010111111111100001111111111000100000100111111111100000010000000000000000000000000000000000000
000000000000000000000010000100000000000000000000000000000010000000000000000000000000000100000100000000000000000010000000000000000000000000000000000000
000000000000000000000100001000000000000000000000000000000011111111111111111111111111111100000111111111111111111110000000000000000000000000000000000000
000000000000000001111000001000000000000000000000000000000000000000000000000000000000000100000100000000000000000000000000000000000000000000000000000000
000000000000000110000000010000000000000000000000000000000000000000000000000000000000000100000100000000000000000000000000000000000000000000000000000000
000000000000001000000000010000000000000000000000000000000000000000000000000000000000000100000100000000000000000000000000000000000000000000000000000000
000000000000001000000000010000000000000000000000000000000000000000000000000000000000001100000110000000000000000000000000000000000000000000000000000000
000000000000010000000000010000000000000000000000000000000000000000000000000000000000011000000011000000000000000000000000000000000000000000000000000000
000000000000010000000000010000000000000000000000000000000000000000000000000000000000110000000001100000000000000000000000000000000000000000000000000000
000000000000010000000000010000000000000000000000000000000000000000000000000000000000100000000000100000000000000000000000000000000000000000000000000000
000000000000001000000000100000000000000000000000000000000000000000000000000000000000100000000000100000000000000000000000000000000000000000000000000000
000000000000001000000000100000000000000000000000000000000000000000000000000000000000100000000000100000000000000000000000000000000000000000000000000000
000000000000000110000011000000000000000000000000000000000000000000000000000000000000100000000000100000000000000000000000000000000000000000000000000000
000000000000000001111100000000000000000000000000000000000000000000000000000000000000110000000001100000000000000000000000000000000000000000000000000000
000000000000000000000000000000000000000000000000000000000000000000000000000000000000011000000011000000000000000000000000000000000000000000000000000000
000000000000000000000000000000000000000000000000000000000000000000000000000000000000001111111110000000000000000000000000000000000000000000000000000000
000000000000000000000000000000000000000000000000000000000000000000000000000000000000000000000000000000000000000000000000000000000000000000000000000000
000000000000000000000000000000000000000000000000000000000000000000000000000000000000000000000000000000000000000000000000000000000000000000000000000000
000000000000000000000000000000000000000000000000000000000000000000000000000000000000000000000000000000000000000000000000000000000000000000000000000000
000000000000000000000000000000000000000000000000000000000000000000000000000000000000000000000000000000000000000000000000000000000000000000000000000000
000000000000000000000000000000000000000000000000000000000000000000000000000000000000000000000000000000000000000000000000000000000000000000000000000000
000000000000000000000000000000000000000000000000000000000000000000000000000000000000000000000000000000000000000000000000000000000000000000000000000000
000000000000000000000000000000000000000000000000000000000000000000000000000000000000000000000000000000000000000000000000000000000000000000000000000000
000000000000000000000000000000000000000000000000000000000000000000000000000000000000000000000000000000000000000000000000000000000000000000000000000000
000000000000000000000000000000000000000000000000000000000000000000000000000000000000000000000000000000000000000000000000000000000000000000000000000000
000000000000000000000000000000000000000000000000000000000000000000000000000000000000000000000000000000000000000000000000000000000000000000000000000000
